WATER SIMULATION - 256 SPC
         0         1
  19.661555060000000  0.0000000000000000  0.0000000000000000
  0.0000000000000000  19.661555060000000  0.0000000000000000
  0.0000000000000000  0.0000000000000000  19.661555060000000
OW               1         8
  7.3608644550000000 -3.9392340690000003 -1.7078909700000000
HW               2         1
  6.9400179560000000 -3.3787060570000000 -2.4211255250000000
HW               3         1
  8.2965844250000000 -3.6256906880000000 -1.5462570450000000
OW               4         8
  5.8524154400000010  4.7888761260000000 -0.3300395504000000
HW               5         1
  5.0695567470000000  4.1897173010000000 -0.4978119173999999
HW               6         1
  5.8809298140000000  5.5036170270000000 -1.0288522030000000
OW               7         8
  6.6887977930000000 -2.3836462510000000  5.6588596430000000
HW               8         1
  7.6047650590000000 -2.5880888410000000  6.0041334440000000
HW               9         1
  6.0565604850000000 -3.1039686140000000  5.9441988920000000
OW              10         8
 -0.7125763984000000  1.4770178700000000 -6.9948366180000010
HW              11         1
 -1.2289077380000000  1.6058495880000000 -7.8414839490000000
HW              12         1
  0.0442785651000000  2.1298486000000000 -6.9633708600000000
OW              13         8
 -1.8793726490000000  9.0003343880000000  0.4281605545000000
HW              14         1
 -2.5885845830000000  9.1822933120000000  1.1092721880000000
HW              15         1
 -1.0067091040000000  9.3683625600000000  0.7491236296000000
OW              16         8
 -1.8726606410000002  5.1700248340000010 -5.0773264840000000
HW              17         1
 -1.5171583530000000  5.3339898669999990 -5.9975114750000005
HW              18         1
 -2.2196626620000000  4.2341699320000000 -5.0159093540000000
OW              19         8
 -6.9939560370000000  4.8479881430000000  0.2911854208000000
HW              20         1
 -6.9870546760000000  4.2906309710000000 -0.5390625015000000
HW              21         1
 -7.1180509180000000  5.8095275390000000  0.0461369852000000
OW              22         8
  0.2837362472000000 -5.6881494590000000  8.7668377820000000
HW              23         1
  0.4834313448000000 -6.5444564510000000  9.2431408600000000
HW              24         1
  1.1328851690000000 -5.1790304300000000  8.6263091480000000
OW              25         8
  0.6562795370000000  2.4335104660000000 -0.7914762612000000
HW              26         1
  1.5660828990000000  2.0228157550000000 -0.8514323879000000
HW              27         1
  0.7236269754000001  3.4179821790000000 -0.9536079752000000
OW              28         8
  2.6476912760000000  0.1829779315000000 -1.8862397920000000
HW              29         1
  3.2772286170000000 -0.2262689947000000 -1.2257804760000000
HW              30         1
  2.0054553600000000 -0.5120646379000000 -2.2094358700000000
OW              31         8
 -6.5341148989999995  1.3672580210000000 -2.7447747150000000
HW              32         1
 -7.1373396470000000  0.9139223282000001 -2.0885631130000000
HW              33         1
 -6.5093940170000000  2.3482515960000000 -2.5522971740000000
OW              34         8
 -3.7274991260000006  0.2886260519000000 -0.5355396485000000
HW              35         1
 -3.1251473099999996  0.8242672141000000  0.0562926069000000
HW              36         1
 -3.8359052950000000  0.7570547692000001 -1.4123675860000002
OW              37         8
  5.4797981960000000  7.6233507530000000 -9.0472245740000000
HW              38         1
  6.3723327170000000  7.2060338810000000 -9.2182091360000000
HW              39         1
  5.2743948080000000  7.5821485770000000 -8.0694113170000000
OW              40         8
 -7.2045214810000000 -9.4215856260000000 -7.0686157020000000
HW              41         1
 -8.0902376370000000 -9.4025936750000000 -6.6047732050000000
HW              42         1
 -7.2416831120000000  9.5948297920000020 -7.8317785540000000
OW              43         8
 -4.5488130820000000 -2.6329313120000006 -8.5738664990000000
HW              44         1
 -5.0136758830000000 -2.1499864280000000 -7.8317929480000000
HW              45         1
 -3.9907353310000000 -1.9865065720000000 -9.0941459890000000
OW              46         8
  1.3933944779999998 -6.0714960690000010 -7.7083730370000010
HW              47         1
  0.9502318538000000 -5.5570275880000000 -8.4424930000000000
HW              48         1
  0.7469787810999999 -6.7325403570000000 -7.3273608700000000
OW              49         8
  0.8542813205000000  4.9867182400000000 -1.5055195080000001
HW              50         1
  1.6902819640000000  5.5347050210000000 -1.5341396780000000
HW              51         1
  0.0693470246000000  5.5642070410000000 -1.7299979929999998
OW              52         8
  9.3922015880000000 -0.1918994518000000  7.1686288920000000
HW              53         1
  9.5083649330000000 -1.1732985420000000  7.0157599350000000
HW              54         1
  8.4505787620000000 -0.0076012671000000  7.4503869230000000
OW              55         8
 -5.4991723890000000 -8.2896459550000000  8.7657138040000000
HW              56         1
 -5.3699349680000000 -7.9588944970000000  9.7005433540000000
HW              57         1
 -4.6979093980000000 -8.0549610760000000  8.2153450160000000
OW              58         8
  1.4829209560000003  7.1739553130000004 -7.7849834110000010
HW              59         1
  2.2077150690000000  7.3119893520000000 -8.4599840810000000
HW              60         1
  1.8549086900000002  6.6954197990000000 -6.9895999940000000
OW              61         8
 -3.1532830890000000  5.9631388220000000  8.2967287360000000
HW              62         1
 -2.2452164630000000  5.6510610090000000  8.0173937440000000
HW              63         1
 -3.0949559940000000  6.9051633580000000  8.6271728580000000
OW              64         8
  2.3434630640000000  5.5572973470000010  7.4822280490000000
HW              65         1
  3.3011668690000000  5.2812698810000000  7.4008912830000000
HW              66         1
  1.7585706020000000  4.8552479330000000  7.0759882290000000
OW              67         8
 -1.3634510190000002  1.6702418790000000 -2.7317047750000000
HW              68         1
 -0.6438242821000001  1.9348027160000003 -2.0897154340000000
HW              69         1
 -1.2719694300000000  0.6994204675999999 -2.9533852930000000
OW              70         8
 -9.4541693400000000  8.2684884240000000  5.7558819970000000
HW              71         1
  9.7354678730000010  8.6212898670000000  4.9479025900000000
HW              72         1
  9.5642752190000000  8.2125329830000000  6.5196123650000000
OW              73         8
 -3.6208493610000003 -7.9031137149999990 -4.3940589120000000
HW              74         1
 -3.6311576160000000 -6.9147627270000000 -4.5459174360000000
HW              75         1
 -3.0781122190000000 -8.1096162210000000 -3.5799347650000000
OW              76         8
  0.1239628038000000 -9.3416288640000000  1.7979163640000000
HW              77         1
  0.9544237704000000 -8.8993661340000000  1.4591787539999999
HW              78         1
 -0.4332450074000000 -8.6724477000000000  2.2895675590000000
OW              79         8
 -7.2982577400000000 -0.6123911435000000 -7.9252310170000000
HW              80         1
 -6.4637164690000000 -0.0644395218000000 -7.9826316920000000
HW              81         1
 -7.9244582609999990 -0.3436584732000000 -8.6571193750000000
OW              82         8
  9.3444019220000000 -0.7805953007000000  1.5366852700000002
HW              83         1
  8.7680989560000000 -0.0658926422000000  1.1403526840000000
HW              84         1
 -9.3857659790000020 -0.4340782074000001  1.6482578440000000
OW              85         8
 -6.4297694210000000  4.1391799920000000 -2.6796424460000003
HW              86         1
 -5.5808529010000010  4.5815621820000000 -2.9688558820000000
HW              87         1
 -7.1848583680000000  4.4614095210000000 -3.2506191650000000
OW              88         8
  4.1024623860000000  7.3199586030000000  2.3953148760000000
HW              89         1
  4.7536119540000000  6.5741477720000000  2.2546904310000000
HW              90         1
  3.9380537150000000  7.7871513200000000  1.5265770180000002
OW              91         8
  6.6600420920000000  2.6444174090000000  3.1726142340000000
HW              92         1
  6.8809091030000005  2.0823943870000000  2.3755253390000000
HW              93         1
  7.0936868270000000  2.2552721670000000  3.9853386660000000
OW              94         8
 -8.1840549760000000  4.8418911720000000 -8.2007298950000000
HW              95         1
 -7.4628663880000000  5.0551015330000000 -7.5416156320000000
HW              96         1
 -8.3199042480000000  3.8518442080000000 -8.2375435980000000
OW              97         8
 -5.6028384420000000  9.0182831410000000 -1.1725221070000000
HW              98         1
 -5.6441026030000000  8.9848532470000000 -2.1711145840000000
HW              99         1
 -4.9288177080000010  8.3564265530000000 -0.8444226686999999
OW             100         8
 -3.1665398560000000 -4.6703365740000000 -7.6286626280000000
HW             101         1
 -2.8834726629999996 -5.1607886300000000 -8.4528825110000000
HW             102         1
 -3.6093925880000000 -3.8118221960000000 -7.8872031750000010
OW             103         8
  9.4467815290000000  4.1106420260000000 -2.2705545610000000
HW             104         1
  8.6407337890000000  3.9762556770000000 -2.8469520950000000
HW             105         1
 -9.4251766229999990  4.3235010980000000 -2.8460841260000005
OW             106         8
 -2.9794747210000000 -8.9135574740000000 -6.9916075850000000
HW             107         1
 -3.0527588240000000 -8.5250482650000000 -6.0730772670000000
HW             108         1
 -2.8352149630000000  9.7606721740000000 -6.9253832040000000
OW             109         8
 -0.3688818839000000  2.9041891260000000  3.6968703950000000
HW             110         1
 -1.1746695510000000  3.3893446190000000  3.3572555510000000
HW             111         1
 -0.5356122062000000  1.9186640330000000  3.6660649740000000
OW             112         8
  8.9877360770000000 -8.7316630910000000  0.2334452476000000
HW             113         1
  9.8031342580000000 -8.4876287220000000 -0.2915095651000000
HW             114         1
  8.4962978290000000 -7.8999251200000000  0.4917180699000000
OW             115         8
 -6.9687174740000000  1.8849901700000000 -5.9499836140000000
HW             116         1
 -7.8202701010000000  2.2932099870000000 -6.2789507510000000
HW             117         1
 -7.1481554430000000  1.3692468410000000 -5.1122392869999995
OW             118         8
  0.7382390365000000 -5.8123923030000000  3.4708652930000000
HW             119         1
  0.8973070201000000 -5.4991789490000010  2.5345954010000000
HW             120         1
 -0.0346962665000000 -6.4467594460000010  3.4833440340000000
OW             121         8
 -4.6267187320000000  9.2834885760000000  4.8592196140000000
HW             122         1
 -4.0980929700000000  9.2552161010000000  5.7076073360000000
HW             123         1
 -4.4647320220000000  8.4458980300000000  4.3374835740000000
OW             124         8
 -1.5534190990000000 -1.0086808870000000 -3.8119765240000003
HW             125         1
 -1.7718653910000000 -1.8220748920000000 -3.2728329250000000
HW             126         1
 -2.3723856230000000 -0.6992837705000000 -4.2952690980000000
OW             127         8
  1.7669538770000000 -1.3977185449999998  7.3168677010000000
HW             128         1
  0.9592677956000000 -0.9637816878000000  6.9176842930000000
HW             129         1
  1.7289417810000000 -2.3840595740000000  7.1565812300000000
OW             130         8
 -2.4280003330000000  4.1120296030000000  2.4087129310000000
HW             131         1
 -3.3475957900000000  3.7795697100000005  2.1993761910000000
HW             132         1
 -2.2071560150000000  4.8812842710000000  1.8091445269999997
OW             133         8
  6.6611773590000000  2.0057491920000000 -0.0747919863000000
HW             134         1
  6.3232021230000000  2.8126796320000000 -0.5591879281000000
HW             135         1
  6.0886116700000010  1.2175027900000000 -0.3002682810000000
OW             136         8
  9.7536525350000000 -2.0660737810000000 -2.0904569340000000
HW             137         1
 -9.5215416770000020 -2.9448656870000000 -1.8103565790000000
HW             138         1
 -9.1672503400000020 -1.4205019540000001 -2.2766761500000000
OW             139         8
 -1.6545366629999998 -6.0180552510000000 -0.9200223613000001
HW             140         1
 -1.5780484730000000 -5.0279776669999990 -1.0379242240000000
HW             141         1
 -2.6163609610000000 -6.2668341090000010 -0.8059696758000000
OW             142         8
 -8.6872061560000000 -0.0719185867000000  4.9346592070000000
HW             143         1
 -9.5255121100000000 -0.1730455608000000  5.4704031080000000
HW             144         1
 -8.6783435380000000  0.8266808704000000  4.4959729750000000
OW             145         8
 -4.4591028240000000 -3.0684940550000000 -3.2837913650000000
HW             146         1
 -4.3215630510000000 -2.2058580940000000 -3.7705659940000000
HW             147         1
 -4.5160417600000000 -2.8913786560000005 -2.3012458410000000
OW             148         8
  8.2416961360000000 -7.1305094300000010  4.7018463460000000
HW             149         1
  7.8318929850000000 -7.4479197439999990  5.5570168149999990
HW             150         1
  9.2370823980000000 -7.2060670190000000  4.7610223280000000
OW             151         8
 -1.0767443160000000  6.5857099170000000  3.7538747970000000
HW             152         1
 -0.3265205139000000  6.9274046509999990  3.1878237820000000
HW             153         1
 -1.2877377570000000  5.6433333130000000  3.4942347010000000
OW             154         8
  1.2139694630000000  7.7491302620000000  2.5297991999999994
HW             155         1
  2.0399065320000000  7.7325537790000000  3.0933216980000000
HW             156         1
  1.2126775970000000  8.5739851000000000  1.9644520980000002
OW             157         8
  6.7462254760000000  0.2593618115000000  7.6329585710000000
HW             158         1
  6.7032934580000000  1.0928674640000000  8.1838060820000000
HW             159         1
  6.3957323350000010  0.4477157932000000  6.7155244930000000
OW             160         8
 -1.5929235600000000 -8.1749749480000000 -2.6093377810000000
HW             161         1
 -1.4548112900000000 -7.5206462210000010 -1.8658398160000000
HW             162         1
 -0.8953237965000000 -8.0335190080000000 -3.3117304130000000
OW             163         8
  5.2787127140000000  5.0168434550000010  5.7598019470000000
HW             164         1
  4.9881247410000000  5.9173254070000000  5.4362327190000000
HW             165         1
  6.2743866680000000  5.0008891270000000  5.8513718280000000
OW             166         8
  5.6541512090000000 -5.6603103180000000 -5.8586411979999990
HW             167         1
  5.3809680210000000 -5.7370593150000000 -6.8175391200000000
HW             168         1
  6.1204535940000000 -4.7876333000000000 -5.7137221719999990
OW             169         8
  7.7276015570000000  6.5501516810000000  9.5291345110000000
HW             170         1
  8.4492157460000000  6.8736866290000000 -9.5203707540000020
HW             171         1
  7.9836194860000000  5.6594330810000000  9.1535258380000000
OW             172         8
 -6.6970990680000000 -1.0804915380000000  6.4929517940000000
HW             173         1
 -7.2355207559999990 -0.5810511100000000  5.8142270110000000
HW             174         1
 -6.6895830330000000 -2.0534619950000000  6.2621314490000000
OW             175         8
  5.2460525060000000 -1.4898864820000000  3.7312365480000000
HW             176         1
  4.4428718870000000 -1.6159808120000000  4.3134791760000000
HW             177         1
  6.0376160900000000 -1.9297760380000002  4.1554176480000000
OW             178         8
  1.2479620540000003  9.0450422920000000 -2.5617892629999997
HW             179         1
  1.5461285360000003  9.7901459400000000 -1.9651960020000000
HW             180         1
  0.2952046948000000  8.8176803700000000 -2.3603786610000000
OW             181         8
  5.0133660730000000 -9.2678842330000000 -6.9298476330000000
HW             182         1
  5.9877726419999995 -9.1216851490000000 -6.7590847990000000
HW             183         1
  4.6526813270000000  9.7402691300000010 -6.2642839610000010
OW             184         8
  5.7803562319999990  6.6744758610000010 -2.2681032740000000
HW             185         1
  6.2535955300000000  7.4465985430000000 -1.8439848499999998
HW             186         1
  5.4006909860000000  6.9590082740000000 -3.1483877990000000
OW             187         8
  9.7931615230000000  7.1536835189999990 -8.4157896420000000
HW             188         1
  9.6556341070000000  8.0989307620000000 -8.1198171470000000
HW             189         1
 -8.9180426040000020  6.8883873350000000 -8.2531339000000000
OW             190         8
  8.8502345230000000  5.1638912180000000 -6.6110598960000010
HW             191         1
  9.1083086780000000  5.9205152190000000 -7.2118292100000010
HW             192         1
  8.2652633770000000  5.5065645400000000 -5.8759479150000000
OW             193         8
 -3.7756018660000000 -8.7571134580000000  2.6693574470000000
HW             194         1
 -4.0600266870000000 -9.3865678110000000  3.3924723900000000
HW             195         1
 -4.5620021750000000 -8.5339240910000000  2.0933656410000000
OW             196         8
  2.0477351770000000  2.4347876040000000 -3.6558363820000000
HW             197         1
  1.9689491470000000  1.6503073280000000 -3.0407043460000000
HW             198         1
  2.8793498240000000  2.9461092250000000 -3.4391076550000004
OW             199         8
 -1.5821654490000000  1.4872054140000000  0.5344903272000000
HW             200         1
 -0.6757048392000000  1.6275277730000000  0.1361890525000000
HW             201         1
 -1.5371168800000000  1.6280491740000000  1.5234992720000000
OW             202         8
  2.0218435220000000  0.7604342899000001  4.8184753310000000
HW             203         1
  2.2861028190000000 -0.1849787409000000  4.6277759490000000
HW             204         1
  2.8116554200000000  1.3599265420000000  4.6888170660000000
OW             205         8
  3.9276128510000000 -0.7818665983000000 -9.2186608660000000
HW             206         1
  4.1975069270000000 -1.1545463410000000  9.5550471120000000
HW             207         1
  3.0616283340000000 -0.2907020083000000 -9.3126480440000000
OW             208         8
 -5.8725687320000000 -6.0591722700000000  6.6982383160000000
HW             209         1
 -6.2164602420000000 -5.9358810990000000  7.6291214820000000
HW             210         1
 -5.0849776140000000 -6.6752050630000000  6.7127083690000000
OW             211         8
 -2.7456437290000000 -4.5480025860000000  4.1752427360000000
HW             212         1
 -2.8719210430000000 -5.0687113099999990  3.3308959250000000
HW             213         1
 -2.2335119160000000 -5.0996211810000000  4.8336066220000000
OW             214         8
  6.9852705270000010  4.5682810650000000 -3.4729893740000000
HW             215         1
  6.5885401110000000  5.2017037169999990 -2.8086203060000000
HW             216         1
  6.3831079740000000  3.7771042029999995 -3.5799702630000000
OW             217         8
 -8.5574311270000000 -7.8916165470000000 -1.0415535220000000
HW             218         1
 -8.6658319510000000 -8.0091764180000000 -2.0286871660000000
HW             219         1
 -7.8916436919999990 -7.1670824640000000 -0.8632800298000000
OW             220         8
 -8.4782538240000000  8.7844547050000000  1.8097516390000000
HW             221         1
 -9.3812977570000000  8.9964798420000000  2.1833324970000000
HW             222         1
 -7.9442587430000000  8.2848637060000000  2.4918540100000000
OW             223         8
  1.1579067440000000 -3.7970758680000000  5.9861061570000000
HW             224         1
  0.6539058995000001 -4.3584549180000000  5.3297207590000000
HW             225         1
  1.6286348820000000 -4.3899238130000000  6.6395213310000000
OW             226         8
 -2.4791533670000000 -2.1372736990000000  2.9192055630000000
HW             227         1
 -3.4228061520000000 -1.8150861700000000  2.8435795870000000
HW             228         1
 -2.3952575860000000 -2.7398252240000000  3.7128666220000000
OW             229         8
 -3.9020781000000000  5.2489793430000000 -3.0607763750000000
HW             230         1
 -3.2536522550000000  5.2846658200000000 -3.8212215450000000
HW             231         1
 -3.5795781030000000  4.5931326100000000 -2.3782331250000000
OW             232         8
 -0.0229538560000000 -8.1293282970000000 -9.5950275380000000
HW             233         1
  0.7420617663000001 -8.2224050690000000 -8.9577746600000000
HW             234         1
 -0.7635712155000000 -8.7416877510000000 -9.3184317700000000
OW             235         8
  0.8927622798000000 -5.0988755539999990  0.9299394674000000
HW             236         1
 -0.0064212822000000 -5.2860027590000000  0.5343923037000000
HW             237         1
  1.1466220630000000 -4.1492283620000000  0.7462802666000000
OW             238         8
  3.8551082580000000  8.2305200660000000 -4.5606666960000000
HW             239         1
  4.3051575230000000  9.0060600800000000 -4.1179505230000000
HW             240         1
  3.1740390940000000  7.8417469990000000 -3.9401793500000000
OW             241         8
  3.6364859510000000 -8.1974825190000000 -9.0298609690000000
HW             242         1
  3.2064578570000000 -7.3168330880000000 -8.8310114680000000
HW             243         1
  4.2184913060000000 -8.4651672670000000 -8.2619917880000000
OW             244         8
 -8.0345876120000000 -0.0014076582000000 -1.0237699110000000
HW             245         1
 -7.7551649630000010 -0.6721647556000000 -0.3367372775000000
HW             246         1
 -8.8338992740000000  0.5007036565000000 -0.6936320419000000
OW             247         8
 -3.9930374250000000 -1.3059682289999999 -5.4792027060000000
HW             248         1
 -4.6774494140000000 -2.0341286480000000 -5.4421808590000000
HW             249         1
 -4.4078034020000000 -0.4435959494000000 -5.1888735550000000
OW             250         8
  0.9375459076000000 -2.5948921080000003  0.0350181544000000
HW             251         1
  1.1156886400000000 -2.4903750620000000 -0.9434237619000000
HW             252         1
  0.0012768550000000 -2.9189668480000000  0.1706025492999999
OW             253         8
  0.8940951698000000 -1.8588482020000000 -2.6315456920000000
HW             254         1
  1.5128600960000000 -1.9962402570000000 -3.4050184410000000
HW             255         1
  0.0309115385999999 -1.4748327980000000 -2.9593457170000000
OW             256         8
  4.2052050320000000 -3.0690952910000000 -7.7029590680000000
HW             257         1
  5.1832174920000000 -3.2633098530000000 -7.7789585540000000
HW             258         1
  4.0202706410000000 -2.1489904450000000 -8.0482269500000000
OW             259         8
 -7.6520638210000000 -5.9370676370000000  4.3033215740000000
HW             260         1
 -7.1215258950000010 -6.3020918430000000  5.0683660940000000
HW             261         1
 -7.6201099850000000 -6.5804886130000000  3.5384720050000000
OW             262         8
 -2.3839211580000000 -5.1378791650000010  9.4904697660000000
HW             263         1
 -1.4856623130000000 -5.2775681710000000  9.0737900150000000
HW             264         1
 -2.9775292800000000 -4.6529846430000000  8.8481998230000000
OW             265         8
  5.2006204940000000 -8.4865390150000000  1.9731604300000000
HW             266         1
  5.9138762179999995 -7.8141947050000010  2.1712134690000000
HW             267         1
  5.3436311280000000 -9.3000615150000000  2.5368400260000006
OW             268         8
  6.0038252100000000  3.4775855410000000 -7.4704703810000000
HW             269         1
  6.5888509460000000  4.2763244910000000 -7.3298796510000000
HW             270         1
  5.0559373840000000  3.7747625039999995 -7.5853589950000000
OW             271         8
 -7.4648077070000010 -2.0001345890000000  3.8046086870000000
HW             272         1
 -8.0896634820000000 -2.7759722990000000  3.7172147130000000
HW             273         1
 -7.9650852830000000 -1.2066124360000000  4.1510931000000000
OW             274         8
  8.5152301830000000  6.6610870520000000  2.1442575500000000
HW             275         1
  7.6345997490000000  6.2445883250000000  2.3701449620000000
HW             276         1
  8.5872925140000000  6.7714044270000010  1.1529739030000000
OW             277         8
 -3.5775404580000000  8.5202201020000000 -5.0449312060000000
HW             278         1
 -2.9156444820000000  8.5117146550000000 -4.2953802470000000
HW             279         1
 -4.4744438880000000  8.7900413450000000 -4.6945513590000000
OW             280         8
  8.6787592700000000  8.9718186080000000  7.9452562990000000
HW             281         1
  8.7701300610000000  8.2054536550000000  8.5811342410000000
HW             282         1
  9.3172355940000000  9.6969390540000000  8.2032350100000000
OW             283         8
 -5.9141912080000000 -3.0459298719999994 -6.1495497980000000
HW             284         1
 -5.8242382680000000 -4.0316958230000000 -6.0074976170000010
HW             285         1
 -6.8468228050000000 -2.7609928120000000 -5.9281587060000000
OW             286         8
 -8.4788884930000000 -5.7554364140000010 -8.0671257580000000
HW             287         1
 -7.6733709720000000 -5.3492552140000000 -7.6356600569999990
HW             288         1
 -9.0914787630000000 -5.0293823719999990 -8.3795084800000000
OW             289         8
 -7.5503191159999990 -2.0360384200000000  0.7700719587000000
HW             290         1
 -6.8857373600000000 -2.5246794940000004  1.3353728100000000
HW             291         1
 -8.4010189830000000 -2.5599789910000004  0.7276449790000000
OW             292         8
 -2.8689380870000000 -1.3258414790000000  9.3268069210000000
HW             293         1
 -2.1501348440000000 -0.9737505046000000 -9.7352832600000010
HW             294         1
 -3.3329764100000000 -0.5618632624000000  8.8784655470000000
OW             295         8
 -8.3332300940000000  5.4448713410000000 -4.3699720790000000
HW             296         1
 -9.1111727690000000  5.3676258140000000 -4.9935457550000000
HW             297         1
 -7.6740138620000000  6.1000483770000000 -4.7390016440000000
OW             298         8
 -8.9650127390000000 -8.4605165540000000  9.1372643940000000
HW             299         1
 -8.0684237000000000 -8.2425279450000000  8.7517605080000000
HW             300         1
 -8.8787613810000000 -9.2340776140000000  9.7650924780000000
OW             301         8
 -3.8161400870000004  3.2918829549999997  8.3928226010000000
HW             302         1
 -3.7616126150000000  2.8181068070000000  7.5138642890000000
HW             303         1
 -3.8609160740000000  4.2787107520000000  8.2373528830000000
OW             304         8
 -3.2688855180000000  7.4540528780000000 -7.3086611060000000
HW             305         1
 -2.4790826460000000  6.8428739430000010 -7.2569058380000000
HW             306         1
 -3.3761161440000000  7.9345707260000000 -6.4382525630000000
OW             307         8
  7.9595042510000000 -1.5118867420000000 -8.6515148170000000
HW             308         1
  7.3274146740000000 -1.8191664300000000 -9.3628863500000000
HW             309         1
  8.3827645120000000 -0.6501467288000001 -8.9312688630000000
OW             310         8
  2.0603655810000000  3.8911427490000000  2.7814457440000000
HW             311         1
  1.8004239150000000  4.6944295220000000  2.2455673610000000
HW             312         1
  1.2579325840000000  3.5368766590000000  3.2616558150000006
OW             313         8
  8.3815781670000000  2.1639040390000000  5.6597256380000000
HW             314         1
  8.0478588920000000  1.2382260090000000  5.4815223320000000
HW             315         1
  9.3480700860000000  2.1266630280000000  5.9137162280000000
OW             316         8
 -4.9233402600000000  3.7484466580000000  1.6296738540000000
HW             317         1
 -5.7003262770000010  4.3552375000000000  1.4620307460000000
HW             318         1
 -5.2290981710000000  2.7970944849999997  1.5916240090000000
OW             319         8
 -7.9180157570000000  3.5047362410000000  8.9523923700000000
HW             320         1
 -7.7756064070000000  4.1442550550000000  9.7078653940000000
HW             321         1
 -7.1752591970000010  3.6008935440000000  8.2897682720000000
OW             322         8
 -5.8328675210000000 -8.8080295610000000  0.7339680802000000
HW             323         1
 -6.0555525900000000 -9.5088150430000000  0.0562400901000000
HW             324         1
 -6.6756872010000000 -8.3796526730000000  1.0597785320000000
OW             325         8
  5.3051431120000000  7.0600935830000000 -6.4551123390000000
HW             326         1
  4.7371437110000000  7.3450165830000005 -5.6829712830000000
HW             327         1
  6.2680265690000000  7.0802851600000000 -6.1859396500000010
OW             328         8
  2.7367973040000000  7.7419939709999990 -0.6909454984000000
HW             329         1
  2.0711225700000000  8.0876381740000000 -1.3523164550000000
HW             330         1
  3.5225448150000003  8.3595048660000000 -0.6550911857000000
OW             331         8
 -6.9309012170000010 -7.0163934720000000 -4.5734558900000000
HW             332         1
 -7.3326836140000000 -6.1180217210000000 -4.7509515320000000
HW             333         1
 -6.6122442180000000 -7.4148381100000000 -5.4335171380000000
OW             334         8
  8.2824934260000000 -1.8187216910000000 -4.3157314040000000
HW             335         1
  8.7559781120000000 -1.8265482320000000 -3.4349604620000000
HW             336         1
  8.2218112470000000 -0.8793425344000000 -4.6532088100000000
OW             337         8
  5.7912836690000000 -0.7615710360000000 -1.6237819340000000
HW             338         1
  5.4554986180000000 -1.2538035040000000 -2.4268770090000000
HW             339         1
  5.7962149100000000 -1.3755532329999998 -0.8344736243999998
OW             340         8
 -0.8273453728000000  1.0489694130000000  8.9295065690000000
HW             341         1
 -1.6492713070000000  1.3398844360000000  9.4192109450000000
HW             342         1
 -0.9558494326999999  1.1920248120000000  7.9481677210000010
OW             343         8
  9.2673335480000000  6.7486120140000000 -0.6756037507000000
HW             344         1
  9.1572165560000000  5.8002644110000000 -0.9731211556000000
HW             345         1
 -9.4211492970000010  6.9547177950000000 -0.5723738713000000
OW             346         8
  2.2482507260000000  5.0892425790000000 -5.1501897380000000
HW             347         1
  1.6762609590000000  4.3646965250000000 -4.7656596180000000
HW             348         1
  3.0704391890000000  5.1968636070000000 -4.5912384340000000
OW             349         8
  4.2894024210000000  2.9367155810000000 -1.4471043480000000
HW             350         1
  4.0371849070000000  2.4896211520000002 -0.5889075067000000
HW             351         1
  4.7448297800000000  2.2772748600000000 -2.0452119480000000
OW             352         8
 -6.4338227820000000  3.4573488460000000  5.5563492080000000
HW             353         1
 -6.7902773870000000  4.3695641430000000  5.7583632790000000
HW             354         1
 -5.4747879170000000  3.4050348690000000  5.8347764310000000
OW             355         8
 -0.9580207514000000  5.8124525730000000 -7.7244184920000010
HW             356         1
 -0.0693399759000000  6.2696215020000000 -7.6890813399999995
HW             357         1
 -1.0211287200000000  5.2708132080000000 -8.5626605210000000
OW             358         8
  1.0051997830000000 -8.1316758490000000 -3.9491070210000000
HW             359         1
  1.2976872190000000 -8.9167234320000000 -3.4030705900000000
HW             360         1
  1.8010227750000000 -7.5729509170000000 -4.1825520980000000
OW             361         8
  3.0273901780000000 -4.7430261460000000  7.7702364730000000
HW             362         1
  3.2938980750000000 -4.9317468860000000  8.7154161220000000
HW             363         1
  3.8463774940000000 -4.6720516250000000  7.2008254850000000
OW             364         8
 -2.2711779730000000  9.0226361270000000 -2.8172972820000000
HW             365         1
 -2.7360634750000000  8.7339366770000000 -1.9803137990000000
HW             366         1
 -1.9154133689999997 -9.7119584530000030 -2.6982044890000005
OW             367         8
  3.8382043460000000  0.2490865340000000 -6.7245127360000000
HW             368         1
  2.9487881410000000 -0.1926101501000000 -6.6068343700000000
HW             369         1
  4.1694028430000000  0.0890705238000000 -7.6544093950000000
OW             370         8
  8.8520935580000000 -7.4340274620000000 -7.9145911430000000
HW             371         1
  8.4776380190000000 -7.3087911830000000 -8.8333433780000000
HW             372         1
  9.6645114450000000 -6.8613665810000000 -7.8048481070000000
OW             373         8
 -7.8411683120000000 -8.0099006380000000  2.5356535430000000
HW             374         1
 -8.6250002360000000 -8.3623324360000000  2.0243751090000000
HW             375         1
 -7.7394051350000000 -8.5250592410000000  3.3866893860000000
OW             376         8
  7.3371684160000000 -3.5078033800000000 -6.5768673950000000
HW             377         1
  7.7007925410000000 -3.2541027140000005 -5.6805303390000000
HW             378         1
  7.3242656680000000 -2.7036255040000000 -7.1711215779999990
OW             379         8
  7.7470358940000000 -4.3813190840000000  7.9772560820000000
HW             380         1
  8.2390702370000000 -5.0019465179999990  8.5877725660000000
HW             381         1
  7.3926719340000000 -3.6079983820000000  8.5030009900000000
OW             382         8
 -1.5025711830000000  0.5685170451000000  3.1931918710000000
HW             383         1
 -2.1896058290000000  0.2996818942000000  3.8682601720000000
HW             384         1
 -1.3114945090000000 -0.2031784671000000  2.5865766850000000
OW             385         8
  1.5052026910000000  3.1822600870000004 -7.2603286420000010
HW             386         1
  2.2428135270000000  2.5118013340000000 -7.1802042810000000
HW             387         1
  1.8342973750000000  4.0774078590000000 -6.9596432870000005
OW             388         8
  3.1536356460000000  2.0543005040000000  1.0655449780000000
HW             389         1
  2.6618876790000000  2.5255717570000003  1.7977282170000000
HW             390         1
  3.8912237130000000  1.5054669440000000  1.4589284200000000
OW             391         8
  2.4848325490000000 -1.7482921720000000  4.3262701940000000
HW             392         1
  2.0562686140000000 -2.4610733050000000  4.8815016630000000
HW             393         1
  1.8428200669999997 -1.4422125210000000  3.6233184199999995
OW             394         8
  6.3465514030000000 -5.1553657190000010 -8.5995172780000000
HW             395         1
  6.8785937730000000 -4.6807157480000000 -7.8983444740000000
HW             396         1
  6.9654290620000000 -5.6503488479999990 -9.2094247720000000
OW             397         8
 -0.8305405187000000  7.9703098129999990  5.9699416690000000
HW             398         1
 -0.8781888285000000  7.5019418340000000  5.0876908940000000
HW             399         1
 -0.0834774481000000  7.5852591430000010  6.5118255130000000
OW             400         8
  4.2922652630000000 -9.1228264630000000 -3.0599722330000000
HW             401         1
  4.1088123740000000 -8.1975872440000000 -3.3920601190000000
HW             402         1
  3.7030558470000000 -9.3185454760000000 -2.2760517910000000
OW             403         8
  9.7274999210000000  7.9410238720000000 -3.4880498970000000
HW             404         1
 -9.2162124410000010  7.4149774310000000 -3.9440986230000000
HW             405         1
 -9.6736478549999990  8.1051781890000000 -2.5366063050000000
OW             406         8
 -6.1175211460000000  9.5752377540000000 -3.7914157310000000
HW             407         1
 -7.0602267680000000  9.8136923270000000 -3.5580670110000000
HW             408         1
 -5.5524952530000000 -9.2613158640000020 -3.7802673189999996
OW             409         8
  8.4152824800000000 -6.7456760840000000  9.0598362450000000
HW             410         1
  8.0053569930000000 -7.4097939120000000  8.4346044090000000
HW             411         1
  9.4076624390000000 -6.8682619429999990  9.0725234740000000
OW             412         8
  4.0916859300000000  3.6955775119999994  9.0010394030000000
HW             413         1
  3.4592016840000000  2.9432735410000000  8.8166310360000000
HW             414         1
  4.7739252590000000  3.7438968390000000  8.2715061060000000
OW             415         8
  0.3465438148000000  3.8388866910000000 -9.6599677310000000
HW             416         1
  0.9356278783000002  3.4898775800000000  9.2727684650000020
HW             417         1
  0.8491315605999998  3.8369012650000000 -8.7954412990000000
OW             418         8
  5.8666597630000010  1.4576996540000000 -5.5629339910000000
HW             419         1
  6.2227235820000000  2.1399862630000000 -6.2014556319999990
HW             420         1
  5.0427687770000000  1.0403124390000000 -5.9463371280000010
OW             421         8
 -5.7987503480000000  5.8172259020000000  9.2159985100000000
HW             422         1
 -5.6067127940000000  5.9916632490000000 -9.4797932680000020
HW             423         1
 -4.9465218840000000  5.8565041100000000  8.6942999400000000
OW             424         8
  4.8978457400000000  0.1377025084000000  1.6455225680000000
HW             425         1
  4.4806393370000000 -0.4783700588999999  0.9773922094000000
HW             426         1
  4.9477613560000000 -0.3185690531000000  2.5339647030000000
OW             427         8
 -5.2947022250000000 -3.8072861770000000  5.3609378360000000
HW             428         1
 -5.7220718150000000 -4.5214150000000000  5.9153570230000000
HW             429         1
 -4.4404829120000000 -4.1531272070000000  4.9727256910000000
OW             430         8
 -1.5844207530000000 -0.9486911521000000 -7.9799311120000000
HW             431         1
 -1.5463542800000000 -0.1130322779000000 -7.4319993350000000
HW             432         1
 -1.8571026869999998 -1.7158507630000000 -7.3993153050000000
OW             433         8
 -1.4159058410000000 -8.0770725020000000  3.6722074270000000
HW             434         1
 -2.1802591680000000 -8.5377440030000000  3.2210407780000000
HW             435         1
 -1.6515550340000000 -7.8980132120000000  4.6274105010000000
OW             436         8
  3.5135722190000000 -6.8147967540000005 -4.4729077440000000
HW             437         1
  3.4255485250000000 -5.9075587290000000 -4.0615983440000000
HW             438         1
  4.0335217100000000 -6.7457575510000000 -5.3243128050000000
OW             439         8
  8.8146102710000000  4.5644066030000000  6.1156381410000000
HW             440         1
  9.4580404380000000  4.8400133350000000  5.4014634710000000
HW             441         1
  8.5775546970000000  3.6002151000000000  5.9966993090000000
OW             442         8
  7.9041663830000000 -7.1823793860000010 -5.3170838190000000
HW             443         1
  8.2690637840000000 -7.2671933630000000 -6.2442653600000010
HW             444         1
  7.0178781250000000 -6.7203124710000010 -5.3486545750000000
OW             445         8
 -5.0898051420000000  0.7765976659000000 -7.6641664229999990
HW             446         1
 -5.7912870340000000  1.2497760050000000 -7.1312203290000000
HW             447         1
 -4.3214040740000000  0.5410834517000000 -7.0691043130000000
OW             448         8
 -3.7168712320000000  7.3102973930000000  3.3837938609999996
HW             449         1
 -3.0089865110000000  6.9201048709999995  3.9725679300000000
HW             450         1
 -3.4564348830000000  7.1912760880000000  2.4256640170000000
OW             451         8
  2.1915181710000000 -8.3838162890000000 -1.2234443120000000
HW             452         1
  2.0742251980000000 -7.4636565310000000 -1.5970128300000000
HW             453         1
  2.5855377860000000 -8.3235020340000000 -0.3063206672000000
OW             454         8
 -3.6535123750000000 -3.2838498680000003  7.4939813870000000
HW             455         1
 -4.3263779440000000 -2.9754317670000000  6.8215706330000000
HW             456         1
 -3.4577224060000000 -2.5412046190000006  8.1344111680000000
OW             457         8
 -9.3076882190000000  5.1699296980000000  3.5322838830000000
HW             458         1
 -8.6656582270000000  5.7934723270000000  3.9783739600000000
HW             459         1
 -9.7826413790000000  5.6513901390000010  2.7956566610000000
OW             460         8
 -3.6459144180000000 -7.6475508300000000  6.6786274000000000
HW             461         1
 -3.4224997190000000 -8.5952128250000000  6.4505335819999990
HW             462         1
 -2.8039059750000000 -7.1437227900000000  6.8714570449999990
OW             463         8
  2.5546990609999995  8.9781353430000000  5.8102829080000000
HW             464         1
  2.0290202940000000  8.6138442620000000  6.5790231920000000
HW             465         1
  2.5118106060000005 -9.6843910010000020  5.8207757310000000
OW             466         8
 -8.7613344360000000 -1.9660613010000003 -6.0926679940000000
HW             467         1
 -9.5098454460000000 -1.4260701480000000 -5.7077701490000000
HW             468         1
 -8.1734806560000000 -1.3748792170000000 -6.6448792270000000
OW             469         8
 -0.1217645997000000 -8.4111308750000000  7.3222678890000010
HW             470         1
 -0.6215822820000000 -9.1983763130000000  6.9611161240000000
HW             471         1
 -0.0307975030000000 -8.5004853110000000  8.3141068310000000
OW             472         8
 -7.1276612849999990  8.5145104270000000 -9.4656203770000000
HW             473         1
 -6.7284394320000000  7.5979159240000005 -9.4437031260000000
HW             474         1
 -6.7275260820000000  9.0343983180000000  9.4412080630000010
OW             475         8
  1.1188992200000000 -3.1958839479999996 -9.1184357010000000
HW             476         1
  1.7923621950000000 -2.8038335300000004 -9.7451308670000000
HW             477         1
  0.2219478909000000 -3.2116209160000000 -9.5602879100000000
OW             478         8
  9.2102723870000000 -2.8413810170000000  6.5037907570000000
HW             479         1
  8.9272889690000000 -3.5563351010000006  7.1431422369999990
HW             480         1
  9.7857798930000000 -3.2410132970000000  5.7902823640000000
OW             481         8
 -4.7218017320000000  0.1382169019000000  7.7933192880000000
HW             482         1
 -5.1881362030000000  0.8041801687000000  8.3755834730000000
HW             483         1
 -5.3980215560000000 -0.4605138857000000  7.3640705120000000
OW             484         8
  3.8096125250000000  2.8934139490000006  4.4777157250000000
HW             485         1
  4.2424823060000000  3.7378295570000000  4.7932974770000000
HW             486         1
  3.2787188879999998  3.0797841840000000  3.6510211880000000
OW             487         8
 -3.1394248220000005  8.6057993890000000  9.6252938720000000
HW             488         1
 -3.7716234100000000  8.4059180580000000 -9.2876763070000000
HW             489         1
 -2.1983685960000000  8.4990032480000000 -9.7153024520000000
OW             490         8
  4.2531521890000000 -1.6231460840000003  7.7223699470000000
HW             491         1
  4.8169159580000000 -0.9595709610000000  7.2305939520000000
HW             492         1
  3.2896821630000000 -1.4694776160000000  7.5030147090000000
OW             493         8
 -0.5084537365000000  8.2981396340000000 -9.2764606670000000
HW             494         1
  0.2047423899000000  8.1254468070000000 -8.5970993060000000
HW             495         1
 -0.3200928092000000  7.7640170460000000  9.5609362760000010
OW             496         8
  5.6752203980000000  7.9955065180000000  7.8104237560000000
HW             497         1
  5.8016310110000000  7.2391120750000000  7.1686365930000000
HW             498         1
  5.7592732010000000  7.6554951550000000  8.7470828720000000
OW             499         8
 -9.5557213200000000 -4.1413248340000000  4.3485369740000000
HW             500         1
 -8.8716071260000000 -4.8703718700000000  4.3265291010000000
HW             501         1
  9.4018633870000000 -4.3239792520000000  3.6621920050000000
OW             502         8
 -7.7716547450000010  7.5057583800000000 -0.3963173532000000
HW             503         1
 -8.0568182100000000  8.0588423660000000  0.3864896773000000
HW             504         1
 -6.9187747340000000  7.8709547120000000 -0.7694585266000000
OW             505         8
  3.8166188910000005 -1.8972597730000000 -0.1954189873000000
HW             506         1
  2.9013830970000000 -2.2996726310000000 -0.1751127962000000
HW             507         1
  4.4431853510000000 -2.4671680620000000  0.3362049781000000
OW             508         8
 -0.1782063280000000  0.3081489569999999  6.1097787420000000
HW             509         1
 -0.9246268927000000  0.1851860002000000  5.4557582740000000
HW             510         1
  0.6030142019000000  0.7290108960000000  5.6487189630000000
OW             511         8
  5.1660182680000000 -2.5267364340000000 -3.5991369900000000
HW             512         1
  5.7580729480000010 -2.1308064560000000 -4.3010750000000000
HW             513         1
  4.2345035500000000 -2.6052773320000000 -3.9542678570000000
OW             514         8
 -5.8612159030000000  1.3127956170000000  1.3385520330000000
HW             515         1
 -6.8401732520000005  1.1590547000000000  1.4727607270000003
HW             516         1
 -5.5617580950000000  0.8471182441000000  0.5058003524000000
OW             517         8
 -1.7866726500000000 -3.4670835660000000 -2.8634139840000000
HW             518         1
 -2.7677637850000000 -3.4693725720000000 -3.0569591460000000
HW             519         1
 -1.3288374760000000 -4.1314881540000000 -3.4541409210000005
OW             520         8
  3.7754176600000000 -5.6775824140000000  3.4370443590000000
HW             521         1
  4.3365609120000000 -6.3963264750000000  3.8475669980000000
HW             522         1
  2.8325771450000000 -5.7664782670000000  3.7582187010000000
OW             523         8
 -3.0432755519999994 -6.0542463740000000  1.7428602220000000
HW             524         1
 -2.9539991090000000 -6.9915799860000000  2.0796697100000000
HW             525         1
 -3.4864381010000000 -6.0629481650000000  0.8464582782000001
OW             526         8
  8.0968711400000000 -0.4870090075000000  4.1230231500000000
HW             527         1
  8.4152179040000000 -0.9162841948000000  3.2778122080000000
HW             528         1
  7.5044197740000000 -1.1231386500000000  4.6173346260000000
OW             529         8
 -8.4071853890000000  1.2626511569999999  1.5960849889999997
HW             530         1
 -9.0839932010000000  1.7448109820000002  1.0397933610000000
HW             531         1
 -8.3079045870000000  1.7264294100000000  2.4764601160000000
OW             532         8
 -7.7135075050000000 -9.2558823840000000  5.0292586390000010
HW             533         1
 -8.0835663290000000  9.7029240130000000  5.6368808040000000
HW             534         1
 -6.7576137710000000 -9.0809329940000000  5.2651904090000000
OW             535         8
  2.4960664920000000 -7.8987760970000000  1.5754893770000000
HW             536         1
  3.3771481220000000 -8.0587610230000000  2.0205772770000000
HW             537         1
  2.2822162280000000 -6.9222393360000000  1.6009315870000000
OW             538         8
  7.5048574480000000 -8.4899462110000000  7.0772698430000000
HW             539         1
  6.5282640550000000 -8.3478707760000000  7.2387844200000010
HW             540         1
  7.7445976630000000 -9.4359891790000000  7.2952938019999990
OW             541         8
  2.9540283990000000  8.4842437100000000 -9.6165447430000000
HW             542         1
  2.8954308640000000  9.4660874000000000 -9.4361150980000000
HW             543         1
  3.9097710330000000  8.2285355210000000 -9.7620605190000000
OW             544         8
  1.3464287440000000  9.6354348970000000 -6.4564088910000010
HW             545         1
  1.6263076600000002  9.2862110650000000 -5.5621413410000000
HW             546         1
  1.1560196310000000  8.8683874170000000 -7.0690967229999995
OW             547         8
 -7.5033092210000000 -5.7436945440000000  0.5048820671000000
HW             548         1
 -6.8743984030000000 -5.1947868390000000  1.0554969090000000
HW             549         1
 -7.7075492330000010 -6.5974230370000000  0.9838798357000000
OW             550         8
  2.3128350690000000  2.0195625920000000  7.7213506130000000
HW             551         1
  1.7181580200000000  1.2653053359999997  7.9996672460000000
HW             552         1
  2.7665810520000000  1.7863763720000000  6.8612669910000000
OW             553         8
 -1.5535012130000003 -3.3715469340000000  0.2845333868000000
HW             554         1
 -1.8936394970000000 -3.3090998560000000  1.2228353940000000
HW             555         1
 -2.2066039890000000 -2.9379548050000000 -0.3363200737000000
OW             556         8
  8.4482114760000000  0.6448766970000000 -5.5176506810000000
HW             557         1
  7.4761568090000000  0.7847812666000000 -5.7061731980000000
HW             558         1
  8.9605184700000000  1.4608183830000000 -5.7855778710000000
OW             559         8
  9.1182427440000000  3.7966025249999995  8.6122000290000000
HW             560         1
  8.9178622140000000  4.0504256850000000  7.6659288050000000
HW             561         1
 -9.5763256280000010  3.5555998800000000  8.6950382840000000
OW             562         8
 -0.8002653217000000  5.0023218020000010  7.8091955070000000
HW             563         1
 -0.3243560459999999  4.5778175580000000  7.0389268490000000
HW             564         1
 -0.5564665827000000  4.5269636090000000  8.6545380550000000
OW             565         8
  4.6740696220000000 -7.4727932600000000  6.5676985830000000
HW             566         1
  4.7660781010000000 -8.0380680750000000  7.3874577210000000
HW             567         1
  3.7046235830000000 -7.3407044080000000  6.3609786790000000
OW             568         8
  9.5090544310000000  9.6889938330000000 -7.1175087290000000
HW             569         1
  9.3341754280000000 -9.0354270560000010 -7.4195061090000000
HW             570         1
  8.9921043670000000  9.5063438230000000 -6.2812030850000000
OW             571         8
 -3.7576664330000003  7.2065242990000000 -1.0706810650000000
HW             572         1
 -3.1502682560000000  6.7039750260000000 -0.4554434196000000
HW             573         1
 -3.9654967780000000  6.6412770230000000 -1.8689966070000000
OW             574         8
 -2.7039362359999997  9.4986120390000000  6.8939986560000000
HW             575         1
 -2.8566771890000000  9.5941134720000000  7.8776433270000000
HW             576         1
 -1.8474731360000000  9.0072258370000000  6.7358288810000010
OW             577         8
  5.6692046080000000  0.8217913303000000  5.3144946249999990
HW             578         1
  5.2611704350000000  1.6087979220000000  4.8517478560000000
HW             579         1
  5.6982642930000000  0.0440894132000000  4.6865288210000000
OW             580         8
  8.6572308780000000  0.8897268913000000 -9.3451071620000000
HW             581         1
  9.4683887780000000  0.9759994419000000  9.7380137400000000
HW             582         1
  7.9126976040000000  1.4339458990000000 -9.7317622390000000
OW             583         8
  7.3882879340000000  8.7188889280000000 -1.2398745260000000
HW             584         1
  7.6962550030000000  9.4636426490000000 -0.6478408416000000
HW             585         1
  7.9217595840000000  7.8958209180000000 -1.0450084850000000
OW             586         8
  3.7495096420000000 -5.2718310430000000 -9.1896150730000000
HW             587         1
  4.7366038740000000 -5.4267549060000000 -9.1490069180000000
HW             588         1
  3.4999823270000000 -4.5430201170000000 -8.5519817990000000
OW             589         8
 -6.5863671460000000  7.2420097240000000 -5.0642020350000010
HW             590         1
 -5.6955830559999990  6.8672775680000000 -5.3212704900000000
HW             591         1
 -6.5159103960000000  8.2351797440000000 -4.9711762790000000
OW             592         8
 -5.9859920260000000 -4.0235387090000000  2.1113001940000000
HW             593         1
 -5.0583416909999990 -4.3826164970000000  2.0086743220000000
HW             594         1
 -6.2385552989999990 -4.0242747870000000  3.0788823820000000
OW             595         8
 -8.5927840900000000  0.5564884867000000  9.2167328910000000
HW             596         1
 -9.1777239540000000  0.1485509713000000  8.5157070990000000
HW             597         1
 -8.1299431620000000  1.3585573690000000  8.8392826500000000
OW             598         8
  8.3259385600000000 -3.3646994910000005  2.4090674470000000
HW             599         1
  8.9733030190000000 -2.6030708740000000  2.3799849400000000
HW             600         1
  7.6691793030000000 -3.2726961940000000  1.6605974600000000
OW             601         8
 -0.4032376915000000 -7.8335933189999990 -6.4708429070000000
HW             602         1
 -1.2078706700000000 -8.3064886540000000 -6.8299254430000000
HW             603         1
  0.1892676858000000 -8.4907106940000000 -6.0048615560000000
OW             604         8
 -9.2842442180000000 -4.4326014220000000 -1.1030586190000000
HW             605         1
  9.8141240970000000 -5.1800015300000000 -1.4555076480000000
HW             606         1
 -8.4288675390000000 -4.8022870060000000 -0.7401949206000000
OW             607         8
 -5.1565697390000000 -7.9456356770000000 -8.0871402880000000
HW             608         1
 -5.8793303250000000 -8.5172758220000000 -7.6987413260000010
HW             609         1
 -4.2641659850000000 -8.3097409900000000 -7.8205847100000000
OW             610         8
  2.4850510019999996 -2.7494342200000000 -4.5960581400000000
HW             611         1
  1.9535710380000000 -3.5588296960000000 -4.3462333630000000
HW             612         1
  2.1204644100000000 -2.3591605590000000 -5.4414973540000000
OW             613         8
  4.1471732760000000  5.3867882710000000 -8.5045315140000000
HW             614         1
  4.6426593960000000  6.2282084660000000 -8.7201948240000000
HW             615         1
  4.0415487440000000  4.8399616510000000 -9.3350910350000000
OW             616         8
 -8.4266128660000000  2.5362609300000000  3.8641835880000000
HW             617         1
 -8.8181615370000000  3.4041682630000000  3.5585146780000000
HW             618         1
 -7.5446010360000000  2.7050672820000000  4.3041455080000000
OW             619         8
 -7.7535357349999990  5.8862065140000010  6.3316905689999990
HW             620         1
 -7.1668072930000000  6.4144659040000000  6.9454456310000010
HW             621         1
 -8.4425046040000000  6.4886455750000000  5.9287109340000000
OW             622         8
  6.0191341140000000  5.2006632790000000  2.4147943490000000
HW             623         1
  5.8418689350000000  4.4351048570000000  3.0332619440000000
HW             624         1
  5.9672171440000000  4.8831667980000000  1.4679546430000000
OW             625         8
  5.9941192270000005  9.6476456890000000  4.0879742540000000
HW             626         1
  5.6563943970000000  8.8794096110000000  4.6318123410000000
HW             627         1
  5.9985122190000010 -9.1854767700000000  4.6480498290000000
OW             628         8
  4.2846746080000000 -4.8882484930000000 -2.4260894040000000
HW             629         1
  4.7229361130000000 -4.0141143030000000 -2.6354242880000003
HW             630         1
  4.7620132700000000 -5.3264972180000000 -1.6644525880000003
OW             631         8
  1.3080605890000003  0.5376068475000000 -9.2711009360000000
HW             632         1
  0.9941286885000000  0.3048738126000000 -8.3506182910000000
HW             633         1
  0.5185935717000000  0.6434856018000000  9.7858569810000020
OW             634         8
 -3.1965990500000000  0.0913916901000000  5.1368822860000000
HW             635         1
 -3.7802570380000000 -0.5867413112000000  4.6902442180000000
HW             636         1
 -3.6133779830000000  0.3722273891000000  6.0014244630000000
OW             637         8
 -9.6991705400000000  2.6942492150000000 -6.9460669920000010
HW             638         1
  9.5745356650000000  3.5993823530000000 -7.1201770930000000
HW             639         1
  9.5041236430000020  2.0185515720000000 -7.5235067780000000
OW             640         8
 -8.2606479640000000 -4.0855703350000000 -4.5430035120000000
HW             641         1
 -8.5102424720000000 -3.2942437300000000 -5.1011340959999990
HW             642         1
 -9.0688268580000000 -4.4195878320000000 -4.0579425130000000
OW             643         8
 -1.1218901040000000  6.5529837429999995 -2.8239244790000000
HW             644         1
 -1.6042255010000000  7.4287595690000000 -2.8433001850000000
HW             645         1
 -1.2537769159999999  6.0804611020000000 -3.6953224880000000
OW             646         8
  6.5688768620000000 -2.1804603510000000  8.9484931580000000
HW             647         1
  6.8767933100000000 -1.2938571170000000  8.6033426990000000
HW             648         1
  5.6637468020000000 -2.3867753630000000  8.5767669920000000
OW             649         8
  5.6609246220000000  1.3924682980000000 -3.0614201349999997
HW             650         1
  5.7267181560000000  0.4948523383000000 -2.6255722320000000
HW             651         1
  5.5414403160000000  1.2762863300000000 -4.0474383680000000
OW             652         8
 -1.8196481170000003  6.1247509160000000  0.6312590718000000
HW             653         1
 -1.3451159410000000  5.4741624119999990  0.0383356574000000
HW             654         1
 -1.2777298820000000  6.9615885860000000  0.7089222884000000
OW             655         8
  4.4611715090000000  7.3246694310000000  5.0202469120000000
HW             656         1
  4.4568530290000000  7.2099604830000000  4.0268530860000000
HW             657         1
  3.7738891230000000  8.0028573990000000  5.2804626839999990
OW             658         8
 -5.2263545090000000 -5.6351341560000000 -2.7904849370000004
HW             659         1
 -5.7790656690000000 -6.0951881850000000 -3.4853706790000000
HW             660         1
 -4.9713994940000000 -4.7247339110000000 -3.1163298900000000
OW             661         8
 -6.6658343000000000  7.1295754480000000  2.9529769710000000
HW             662         1
 -6.7184196780000000  6.2476572760000000  3.4214400660000000
HW             663         1
 -5.7121562220000000  7.4271264760000000  2.9086592479999998
OW             664         8
  1.1073468400000000 -0.6145670163000001  1.9825771270000000
HW             665         1
  0.7733168638999999 -1.3394453010000000  1.3800982420000003
HW             666         1
  1.7347210500000000 -0.0229640073000000  1.4762049360000000
OW             667         8
  7.8771617859999990  9.4743963390000000 -4.7220052040000000
HW             668         1
  7.6096599899999990 -9.2326031390000020 -4.5905878870000000
HW             669         1
  8.3981156550000000  9.1618377640000000 -3.9277015520000000
OW             670         8
  4.6161220860000000  9.6650939760000000 -0.1122135512000000
HW             671         1
  5.5070590050000000  9.4075382430000000 -0.4862482663000000
HW             672         1
  4.7294668970000000 -9.2322261180000020  0.5226906010000000
OW             673         8
 -1.2459295400000001 -5.8584125200000000  6.1729599390000000
HW             674         1
 -0.4798561954000000 -6.4187566430000000  6.4878454720000000
HW             675         1
 -1.4875603310000000 -5.1956201670000000  6.8817105690000000
OW             676         8
 -2.3289975180000000  2.4344813840000000 -5.0659726530000000
HW             677         1
 -1.7068147530000000  2.0368447200000000 -5.7403473260000000
HW             678         1
 -1.9106338140000000  2.3888882580000000 -4.1588339600000000
OW             679         8
 -6.8393560440000005 -2.6917238540000000  9.4923501000000000
HW             680         1
 -6.9545549480000000 -1.6994417480000001  9.4464192870000000
HW             681         1
 -5.9401266480000000 -2.9055816900000004 -9.7875565660000010
OW             682         8
 -5.6348223380000000 -5.8275339690000000 -6.6588901600000000
HW             683         1
 -4.7240864060000000 -5.4284419609999990 -6.5526271400000000
HW             684         1
 -5.6142061870000000 -6.5170023450000000 -7.3829168330000000
OW             685         8
  6.7738190360000000  2.4570524450000000  9.4361126450000000
HW             686         1
  7.3357686420000000  3.2337129720000000  9.1514811680000000
HW             687         1
  6.3163097710000000  2.6748533800000000 -9.3633217530000010
OW             688         8
 -7.4872541110000000 -5.3295650430000000  8.7036433970000000
HW             689         1
 -7.3290041680000010 -4.3461086400000000  8.7918182800000000
HW             690         1
 -8.0943594870000000 -5.6365226170000000  9.4365857420000000
OW             691         8
  8.8118125700000000  9.0818931260000000  3.3290491290000004
HW             692         1
  8.6612073260000000  8.1012759860000000  3.2036925400000000
HW             693         1
  7.9301137609999990  9.5473392910000000  3.4063371600000005
OW             694         8
 -4.3375843720000000 -2.4365728450000000 -0.7380203056999999
HW             695         1
 -4.1661398620000000 -1.4600583670000000 -0.6075161432000000
HW             696         1
 -4.8610600690000000 -2.7896425560000004  0.0374279714000000
OW             697         8
 -2.8255200820000000  1.7863151110000000 -9.1432287430000000
HW             698         1
 -2.9347925270000000  2.5902359550000000 -9.7278468440000000
HW             699         1
 -3.7250698150000000  1.4071094870000000 -8.9263858920000000
OW             700         8
  7.5674877190000000  6.7666549980000000 -5.0809090839999990
HW             701         1
  7.9644884100000000  7.6133434310000005 -4.7266286380000000
HW             702         1
  7.4110384110000000  6.1302702699999990 -4.3255657750000000
OW             703         8
 -4.6892429590000000  1.2097678810000000 -4.6973067080000000
HW             704         1
 -5.2362607590000000  1.3961275770000000 -3.8811892400000000
HW             705         1
 -3.9431406960000000  1.8729157100000000 -4.7570767150000000
OW             706         8
  5.2527427999999990 -5.1107920029999990  0.3100160404999999
HW             707         1
  4.8129926870000000 -4.3709045610000000  0.8191239616000001
HW             708         1
  6.0221010960000000 -5.4683131410000010  0.8394222141000000
OW             709         8
  1.3259314910000000  7.9890644580000000  7.9167251930000000
HW             710         1
  1.6425940580000000  8.2902182190000000  8.8161906560000000
HW             711         1
  1.8555706560000000  7.1920165750000000  7.6265459420000000
OW             712         8
  6.8668094940000000 -2.1622470810000000  0.3409022812000000
HW             713         1
  6.9570312790000000 -2.9002178990000000 -0.3278750487000000
HW             714         1
  7.6266405390000010 -1.5209450299999998  0.2341670731000000
OW             715         8
  8.8777870950000000 -6.0821209600000010 -3.1335606310000000
HW             716         1
  8.5775278930000000 -6.6071974830000000 -3.9298929720000000
HW             717         1
  8.1408013640000000 -5.4743174850000000 -2.8378697070000000
OW             718         8
  9.3423311420000000  2.1719986980000000 -0.0909878273000000
HW             719         1
  9.5346790640000000  3.1053460360000003 -0.3940910185000000
HW             720         1
  8.3555163710000000  2.0114719100000000 -0.1118256559000000
OW             721         8
 -4.8089928480000000  4.0179454870000000 -6.2876313490000000
HW             722         1
 -5.3592954300000000  3.2081493930000000 -6.0841542670000000
HW             723         1
 -3.8590760600000000  3.7455520050000000 -6.4408161550000000
OW             724         8
  1.5916889890000000 -1.5336284870000000 -6.9909988050000010
HW             725         1
  0.6433386643000000 -1.4809414510000000 -7.3038277160000000
HW             726         1
  2.0508557630000000 -2.2966305080000000 -7.4459711780000000
OW             727         8
 -4.1933782970000000 -7.0167984300000000 -0.6252905336000000
HW             728         1
 -4.7198144300000000 -7.8251607640000000 -0.3618091488000000
HW             729         1
 -4.6812203020000000 -6.5209123930000000 -1.3437014100000000
OW             730         8
  7.2896933180000000 -6.1160427830000000  2.3153221850000000
HW             731         1
  7.8024159750000000 -6.5990866830000010  3.0251041900000000
HW             732         1
  7.4925654140000000 -5.1380807380000000  2.3647144790000000
OW             733         8
 -5.3897065670000000  6.1789576970000000 -7.8702589390000000
HW             734         1
 -5.2677399330000000  5.3137495040000000 -7.3838973930000000
HW             735         1
 -4.5578334790000000  6.7277837390000000 -7.7878827670000000
OW             736         8
 -5.0220297100000000 -0.9369408457000000  3.2561918190000000
HW             737         1
 -5.1801075590000000 -0.1328624703000000  2.6830650330000000
HW             738         1
 -5.8609094200000005 -1.4786832390000002  3.3091151350000000
OW             739         8
 -3.7431104760000005  2.6336425710000000  5.6944595240000000
HW             740         1
 -3.4786724410000000  1.8614341580000000  5.1167293660000000
HW             741         1
 -3.3240328260000000  3.4711509240000000  5.3438044190000000
OW             742         8
  1.9550134400000000 -7.3033905360000000  5.9595948730000000
HW             743         1
  1.2416487000000000 -7.4723928330000000  6.6397084790000010
HW             744         1
  1.5694643890000000 -7.3974704310000000  5.0417134320000010
OW             745         8
  0.7044151184000000  3.8062072480000000  6.0327752529999990
HW             746         1
  0.1541786649000000  3.4903001200000000  5.2598273650000005
HW             747         1
  1.5108493020000002  3.2226672880000000  6.1284356020000000
OW             748         8
  4.1295308950000000 -3.4055680430000006  2.0763322450000000
HW             749         1
  3.8473188160000000 -4.3278174860000000  2.3405650930000000
HW             750         1
  4.3276836880000000 -2.8696453360000000  2.8970204430000006
OW             751         8
 -2.9604257780000000  3.7788732220000000 -1.0353448490000000
HW             752         1
 -3.3902546030000000  3.3563958980000006 -0.2373705566000000
HW             753         1
 -2.0465494520000000  3.3939922190000000 -1.1645715440000000
OW             754         8
 -9.0937177490000000 -8.5370296450000000 -3.7994576710000000
HW             755         1
 -9.8058676280000000 -7.8362357520000000 -3.7577976240000000
HW             756         1
 -8.2176684660000000 -8.1091955450000000 -4.0219454780000000
OW             757         8
 -1.6549806280000000 -5.5173503340000000 -5.5188335400000010
HW             758         1
 -2.1514880540000000 -5.1464271080000000 -6.3036273300000000
HW             759         1
 -1.0158643880000000 -6.2203850090000010 -5.8307271869999990
OW             760         8
  5.2206955960000000 -9.2065088700000000  8.5229917090000000
HW             761         1
  5.2100911050000000  9.4763377550000010  8.3179964850000000
HW             762         1
  4.7553651570000000 -9.0430971980000000  9.3929169070000000
OW             763         8
  5.4367863039999990 -4.6275557200000000  6.6891914050000000
HW             764         1
  5.3085498020000000 -5.5793620850000000  6.4105756180000000
HW             765         1
  6.2367001130000000 -4.5596696700000000  7.2854599350000000
OW             766         8
  9.8277016430000000 -3.7608889550000004 -9.4297876200000000
HW             767         1
  9.2734989280000000 -3.1155579300000000 -8.9040384440000000
HW             768         1
 -8.9608944990000040 -3.3345766200000000 -9.6668644640000000
